1.000000000000000000e+00
1.004028688633075594e+00
1.007672607668146147e+00
9.997694948526161252e-01
1.005125361960149011e+00
1.000742482628636854e+00
1.005732533858550770e+00
1.008130610220492329e+00
1.002163132234651144e+00
9.995132902135793751e-01
1.001772729929016892e+00
1.004534886537774563e+00
1.000593822488423656e+00
1.004356471983091526e+00
1.001432305931950983e+00
1.003000403136851570e+00
1.005096811301723791e+00
1.004608586113365565e+00
1.005856634279323591e+00
1.003103101245966799e+00
1.003701979022602719e+00
1.004396958358646730e+00
1.007791131987678224e+00
1.007265055450671909e+00
1.003937668990654730e+00
1.002847081250975769e+00
1.003114674533966744e+00
1.003169940593788390e+00
1.003000969831235434e+00
1.005139496167729352e+00
1.004619440843490752e+00
1.002754500779480251e+00
1.000502914580918556e+00
1.002440739424251825e+00
1.002497963585157414e+00
1.001647227349034885e+00
1.000582748587656834e+00
9.989610538966927633e-01
9.996600855352750781e-01
9.978868626208305948e-01
9.970281671078792263e-01
9.988434934396599463e-01
1.000867757395528468e+00
9.976632325228020903e-01
9.975162467432309166e-01
9.957215807893087245e-01
9.993456945628381716e-01
9.952028547703937189e-01
9.951632015518351304e-01
9.944323086350352892e-01
9.957996493267952109e-01
9.957118853865304375e-01
9.959582442639964839e-01
9.944279201606015528e-01
9.931495981589506528e-01
9.925971713748266145e-01
9.929002590355909819e-01
9.927899795389594217e-01
9.915906990739201676e-01
9.913739985843077474e-01
9.915526903692805094e-01
9.917424050576189032e-01
9.925121919000475801e-01
9.911076109261702793e-01
9.910769718564884645e-01
9.913942398873677453e-01
9.898842210517316831e-01
9.886985820224121202e-01
9.889351748239667561e-01
9.877001872311335084e-01
9.892130249200723480e-01
9.869838938147341700e-01
9.860513322043883422e-01
9.867620387344995248e-01
9.862949497088500106e-01
9.873540213362589357e-01
9.866851264363868390e-01
9.860712310675541215e-01
9.861176065272863056e-01
9.859779527399225030e-01
9.850612849893662926e-01
9.857201979302019357e-01
9.847254522351949202e-01
9.841849775499122988e-01
9.845868782157498611e-01
9.837094870270661762e-01
9.832005908423958607e-01
9.820968932679680075e-01
9.831849490519328771e-01
9.818668543100381729e-01
9.813072897495308533e-01
9.812181182748217489e-01
9.805886190386580159e-01
9.790715982830364705e-01
9.791867391945041632e-01
9.785133814074479242e-01
9.790790994706622952e-01
9.777033786658680947e-01
9.781563213101528431e-01
9.769146982729579598e-01
9.773338443927623853e-01
9.780720259235279324e-01
9.759041376879590279e-01
9.763716956977944728e-01
9.750329012143816865e-01
9.757830577669363015e-01
9.750196280917465819e-01
9.757801090289390800e-01
9.751647004868198021e-01
9.743543635304112716e-01
9.737158549612303649e-01
9.725671216699001143e-01
9.745366800115417005e-01
9.726846216898825670e-01
9.712646343513706704e-01
9.718671031259290549e-01
9.712094488621897392e-01
9.722436751936778254e-01
9.708932331139524807e-01
9.704396594582652691e-01
9.699420527613415999e-01
9.705390156882514052e-01
9.699651342043916769e-01
9.692406816471034192e-01
9.692786648455715692e-01
9.683297308907899970e-01
9.693138504298479674e-01
9.697742551228052399e-01
9.686976633295317773e-01
9.700134829539782677e-01
9.692891397234053574e-01
9.673534871450505390e-01
9.691337217839602891e-01
9.657427417772356248e-01
9.664011774067556848e-01
9.652500895459322772e-01
9.661326856939121965e-01
9.655159845130075746e-01
9.642948542433241732e-01
9.639993367269716895e-01
9.637932924516322553e-01
9.628593038776168678e-01
9.631889213147530882e-01
9.619993885988721294e-01
9.600930042127607811e-01
9.606884938238299254e-01
9.604457749588488635e-01
9.596664438678474962e-01
9.581498326334650928e-01
9.578998798636506606e-01
9.565128537838770706e-01
9.572068904657765609e-01
9.561983284345758616e-01
9.562910642921941262e-01
9.544008723488776047e-01
9.555867843493032199e-01
9.544407371674364926e-01
9.539939231168222955e-01
9.525032101432170384e-01
9.521566322596353160e-01
9.508387747842832471e-01
9.506003564786358329e-01
9.497300984590080208e-01
9.494407633057571072e-01
9.489212256028745074e-01
9.490017011197738883e-01
9.486719066486458685e-01
9.476976758243043086e-01
9.468001867266682137e-01
9.455429301505069439e-01
9.452698029389990930e-01
9.450693996980713552e-01
9.432372650848217521e-01
9.434942972578519438e-01
9.420994307701171522e-01
9.432565820506302323e-01
9.418609029415669909e-01
9.417145100567401172e-01
9.411220535136159970e-01
9.405358074798512158e-01
9.395610770590419047e-01
9.393725566873046828e-01
9.384427957281759047e-01
9.381541161698631059e-01
9.366025499230511420e-01
9.370087420774070308e-01
9.350930896013291971e-01
9.341761237160103315e-01
9.331598846084390164e-01
9.316357038218222586e-01
9.314667169536067215e-01
9.303715140107228221e-01
9.295299832144463537e-01
9.281053634150159271e-01
9.284490570247189156e-01
9.272580657116924474e-01
9.266819856539156852e-01
9.247912813009299127e-01
9.248519339429913666e-01
9.235303918612712826e-01
9.216995467942551423e-01
9.211396742643632729e-01
9.202267648249405907e-01
9.188154038063196527e-01
9.200740202721522376e-01
9.181387756678729417e-01
9.178495890016873382e-01
9.173701509094706052e-01
9.159695370161579087e-01
9.158478447815200374e-01
9.151046265930965484e-01
9.144373198327439001e-01
9.147574014082683336e-01
9.129379738049484549e-01
9.130538663039978742e-01
9.129050662958779760e-01
9.115198414305559771e-01
9.116787343597287929e-01
9.113813905923560110e-01
9.107490037675630701e-01
9.098197029068243458e-01
9.089339041672342967e-01
9.079157935975948890e-01
9.072930147753821561e-01
9.071691691132153235e-01
9.071366897539747676e-01
9.063795821128636243e-01
9.063726353534391489e-01
9.054664619796120029e-01
9.049115532383520399e-01
9.035575491028354778e-01
9.029372753171391874e-01
9.026885605433535575e-01
9.020685217231650954e-01
9.005729247709899354e-01
9.001644019198696833e-01
8.985650328715940605e-01
8.985939630570168868e-01
8.979935105354541758e-01
8.968163389143696262e-01
8.963756766795442088e-01
8.956507710710499559e-01
8.946843355757968519e-01
8.938710031214230911e-01
8.931566879633006106e-01
8.927532181120747534e-01
8.916537930104440068e-01
8.915300442498107492e-01
8.908513698669341396e-01
8.901314792111713059e-01
8.889530325850454329e-01
8.879739768299014235e-01
8.874247858684637391e-01
8.862368912193205883e-01
8.841094431653570007e-01
8.826316506473292911e-01
8.830813412741456148e-01
8.839932432164185894e-01
8.834195359334117148e-01
8.828078923227796748e-01
8.824260483435508728e-01
8.811392091039373931e-01
8.815835342857875068e-01
8.811252638592885766e-01
8.806279677723668486e-01
8.795327512169150985e-01
8.795038043548257800e-01
8.784685950443353875e-01
8.783868751439336542e-01
8.770130198187442438e-01
8.767638586587169769e-01
8.768751542186182801e-01
8.747209076773445613e-01
8.754165157222471016e-01
8.734083362483410218e-01
8.742394130782648043e-01
8.735330274648175353e-01
8.726389114906814015e-01
8.731606487833255548e-01
8.739756393270803336e-01
8.739577006434421369e-01
8.679419334568690969e-01
8.700326956617864260e-01
8.701471238695795973e-01
8.703614921991458253e-01
8.697857975080612869e-01
8.695939242844086259e-01
8.689101577993781911e-01
8.686332424158675902e-01
8.681007595638637886e-01
8.676314863726715121e-01
8.665522265682299441e-01
8.656399899519406915e-01
8.652759035932625631e-01
8.651954676701156810e-01
8.640534853529334702e-01
8.626127717890066382e-01
8.610002183748494131e-01
8.599816434665258358e-01
8.598613963779413449e-01
8.588993735770332760e-01
8.590798249762229277e-01
8.586643498429999966e-01
8.581807879369998115e-01
8.574370892963223412e-01
8.568271286907200857e-01
8.556354365258974637e-01
8.557919772522067925e-01
8.549699183391936685e-01
8.537520365903448205e-01
8.529497181814382767e-01
8.524395429316243833e-01
8.519025300851439386e-01
8.519479100272231431e-01
8.504424106775253511e-01
8.502111356502678463e-01
8.497032642729193119e-01
8.476588773209140504e-01
8.478960098162134917e-01
8.476575334808175155e-01
8.462852674230122441e-01
8.455730117585361638e-01
8.445951080439729752e-01
8.442587391587085266e-01
8.433166400474120250e-01
8.421505618673793547e-01
8.414909934360388366e-01
8.403723829412528268e-01
8.400452397057481813e-01
8.403423355286079310e-01
8.389112037284451873e-01
8.385922898633444422e-01
8.371334614597125690e-01
8.363587588789832550e-01
8.355325924069236798e-01
8.350436186533636285e-01
8.357891325355742973e-01
8.334487654363508247e-01
8.337520506934660292e-01
8.313327011976692216e-01
8.319085879149086260e-01
8.309884220122422116e-01
8.300263716271237824e-01
8.299786040381889052e-01
8.285585031465443340e-01
8.282955800258228196e-01
8.279187599177070256e-01
8.264315623948120804e-01
8.262349053024916623e-01
8.256908207072995998e-01
8.250004775157377956e-01
8.228642508596971661e-01
8.232254645232687240e-01
8.219105834335401761e-01
8.208178771908410942e-01
8.209651823139447746e-01
8.195906138075775837e-01
8.179675160900015118e-01
8.181106546850221983e-01
8.163793722900113403e-01
8.164123892200751964e-01
8.154752911971586693e-01
8.140945692665167988e-01
8.142666078506310967e-01
8.119244707319207555e-01
8.120665163984152057e-01
8.108593094703963056e-01
8.104398637609991907e-01
8.092521924949254153e-01
8.085718680832520988e-01
8.081652631904485684e-01
8.064600672574641083e-01
8.066621754250929976e-01
8.057140139737115625e-01
8.051361191362973457e-01
8.042012037993669926e-01
8.031199230566943292e-01
8.015500772258113971e-01
8.015855958884554600e-01
8.004492490410992644e-01
7.994602598847113661e-01
7.986294423209865379e-01
7.982718342278422030e-01
7.958045349680215041e-01
7.961164455774862869e-01
7.950170640810372280e-01
7.944329074314255834e-01
7.936762418065970159e-01
7.921198737754819863e-01
7.912099205604180563e-01
7.900362363211055339e-01
7.894909175667611523e-01
7.872631289603414517e-01
7.868800312070768355e-01
7.861071917923374563e-01
7.852717264976554201e-01
7.848137927509019063e-01
7.833742642930603406e-01
7.823081999393228791e-01
7.817243034569402171e-01
7.810032744557974249e-01
7.791805216600686812e-01
7.778681709198487226e-01
7.771337762853208764e-01
7.759561985812146734e-01
7.748735300917429791e-01
7.738515283421630864e-01
7.720381531677947828e-01
7.710624842039948135e-01
7.702353849938979868e-01
7.681507462288190702e-01
7.672982435540458557e-01
7.659353998948350561e-01
7.658673872938555061e-01
7.637319014339574164e-01
7.626781219419771496e-01
7.617328761921625668e-01
7.607102203324791478e-01
7.588053959153365779e-01
7.578668272195925315e-01
7.566485313181069428e-01
7.545710423538209977e-01
7.541254516918456385e-01
7.520680263518511044e-01
7.501996153294355762e-01
7.498840487630735741e-01
7.478287110065900967e-01
7.464204079846641360e-01
7.453272444008574027e-01
7.440884699154490800e-01
7.422597039015638165e-01
7.409728149395176100e-01
7.389935734219177377e-01
7.370898410331082617e-01
7.359139744007778816e-01
7.346848702288703015e-01
7.325768959595244656e-01
7.310717110801461249e-01
7.294008428937259758e-01
7.282404897418015555e-01
7.260132315409129067e-01
7.252233307959965458e-01
7.231415365331269607e-01
7.207725793092368827e-01
7.195389794018675067e-01
7.181071068421189807e-01
7.158105311754844324e-01
7.142888270265818074e-01
7.123655186920561100e-01
7.102837558891580416e-01
7.083948261891266363e-01
7.070524793054027146e-01
7.047083757294813067e-01
7.019673341730779947e-01
6.996887183920640352e-01
6.984079613646968498e-01
6.960133732620596980e-01
6.935169361788252607e-01
6.915104535603645575e-01
6.896150586395110027e-01
6.874034442099286046e-01
6.848252234651642789e-01
6.820221587096086946e-01
6.794692799682680029e-01
6.768981042289833328e-01
6.737970103283877910e-01
6.712901453359219062e-01
6.678689625395671792e-01
6.645254702254390633e-01
6.609398066711444919e-01
